0.015957 170
0.000120 4
0.000064 209
0.008284 4
0.000189 239
0.008280 4
0.000040 278
0.008122 4
0.000028 345
0.008316 4
0.000053 371
0.008317 436
0.008179 496
0.008201 4
0.000053 551
0.008359 4
0.000054 602
0.008730 4
0.000733 627
0.007752 4
0.000123 642
0.008303 4
0.000112 707
0.008293 4
0.000177 715
0.008212 4
0.000098 768
0.008264 4
0.000091 767
0.008316 4
0.000437 765
0.000006 2
0.007943 4
0.000107 767
0.008257 4
0.000102 780
0.008344 4
0.000107 768
0.008259 4
0.000109 775
0.008326 4
0.000415 772
0.000004 2
0.008011 4
0.000057 767
0.008207 771
0.007918 4
0.002307 760
0.006698 4
0.000033 149
0.000010 625
0.008313 4
0.000179 302
0.000481 458
0.008322 928
