0.046678 183
0.021924 4
0.000045 41
0.000007 41
0.000003 41
0.000015 41
0.000003 39
0.000032 2
0.022367 4
0.000142 209
0.022322 256
0.022574 246
0.022798 4
0.000092 297
0.022322 4
0.000061 299
0.022287 4
0.000061 315
0.022272 4
0.000098 321
0.022666 4
0.000086 367
0.022346 4
0.000009 372
0.022245 4
0.000010 411
0.022384 428
0.022149 4
0.000249 433
0.022082 85
0.000032 392
0.022332 472
0.022322 91
0.000052 431
0.022292 524
0.022316 551
0.022234 568
0.022225 4
0.000066 455
0.000070 109
0.022162 4
0.000392 586
0.021765 4
0.000033 623
0.022195 4
0.000007 637
0.022305 4
0.001979 637
0.020694 4
0.000041 638
0.022419 688
0.022543 695
0.021993 695
0.022341 695
0.014175 4
0.000011 691
0.014214 695
0.014119 695
0.014451 700
0.013845 700
0.014170 4
0.000011 696
0.014151 139
0.000027 561
0.014153 690
0.014140 690
0.014570 695
0.013759 690
0.014171 4
0.000066 691
0.014159 4
0.000008 691
0.014123 4
0.000006 696
0.014119 4
0.000006 696
0.014133 4
0.000308 696
0.013839 4
0.000006 691
0.014126 4
0.000006 691
0.014159 4
0.000008 686
0.014158 4
0.000009 691
0.014264 4
0.000066 691
0.014276 4
0.002682 686
0.011899 4
0.000057 691
0.014135 4
0.000006 686
0.014222 4
0.000059 696
0.014148 4
0.000006 686
0.014121 4
0.000174 696
0.013959 4
0.000006 686
0.014119 4
0.000006 686
0.014118 4
0.000006 696
0.014187 4
0.002398 686
0.014682 4
0.000038 696
0.014454 690
0.013901 695
0.014177 690
0.014131 695
0.014142 695
0.014121 690
0.014471 695
0.013772 695
0.014152 700
0.014129 700
0.014132 700
0.014126 695
0.014301 695
0.014151 4
0.000035 686
0.014281 4
0.000022 691
0.014358 4
0.000287 686
0.014215 4
0.000018 686
0.014185 700
0.014615 700
0.013706 700
0.014202 137
0.000041 563
0.014164 695
0.014246 695
0.014114 695
0.014157 4
0.000280 691
0.014054 854
0.000128 27
0.007379 33
0.000438 190
4.634362 5
0.004348 77
0.000007 2
0.000015 85
0.000017 77
0.000005 2
0.000179 69
0.000006 2
0.000018 107
0.000005 2
0.000004 44
0.000018 83
0.000004 2
0.000016 71
